omnm 8151465141

Fouard. 11 64* 48655νά. 11 64* Nouam. 11 64* “

46- 464 4985547 4725577
4975548 4795578
4985549 4745579

445462
425468
48 5 4686
44 5 4686
455464
48 5 4846
47 5 465
48 5 486

4695 526 4755586
4465 5296 4765 584
444 5 524 477 5 582
442- 522 4785 569
4495529 4795 5896
4445 5296 4895584
495467
565468
545469
525479
595474
545 472

4455 524 4845 585
4465 5246 4825586
4475525 4895587
4465526 4845 588
4495 527 4855 589
4265 528 4865599
424 5 5286 4675 594
4225 529 4895592
429-569 , 4895599
424 5 594 499 5 594
425 5 582 494 5 595
4265598 4925 596

555 478
565474
575475
58 5 478
595477
695 478
64 5 479
62 5 489
885484
645482
65 5488
66 5 484
87 5 488
68 5 4856
89 5 486
7⁰= 4565
74 5 487
72 5 488

4275584 498 5 597
4285 585 4945 598
429 5 586 495 5 599
4895 87 496 5 699
484 5 588 497 5 694
4825589 498 5 692
4885549 4995698
4845 544 299 5 894
485 5 542 294 5 695
4885548 292 5 696
4875544 298 5 8666
488 = 545 294 5 698
295 5699
296 5 649
297 5 697
2985 644
2995 642
249 5 648

745496
755494

4495 547
444 5 548
78 5 492
77 5 498
785494

442 5 549
448 5 554

4445556
244 5644

242 5 645
2485 646
4485 -555 2445648

4

79 5 4946
89 5 495
84 5 496
825497
88 5 4976
8454979
85 5 498
88 5 4986
87 5 498

445 5 552
4465559
447 5554

4595 557 2465 -649
247 5 629
248 = 624

2495 622

4545 558
4525559
4595566
4545 564
455 5 562
488 5 569

226 5 6226
224 5 628
2225624
229 5 825
224 5 826
2255827
2285 828
227 5 629
228 5 689
2295684
2865 882

885599
89 5 594
99 5 592
457 5564
458 5 565
4595586

945 5926
92 5 598
98 5594
94 5 888
95 5 599
98 5 597
97 5598
98 5 569
99 5549

4895587
464 5 568
4825 5896
4685589
4845579
46555796 284 5 888
466 5 574 282 5 884
467 5 572 2885885
4685 578 284 5 698
4695574 285 5 6886
4765575 2885888
4745 878 287 5 889

4665 544
4645542
4625548
4985544
4945645
4955546

 

