GLANDES SPVRIAE.

corp. Index Gorp. Index
wwmmwwwm mmmswfflma

’Wimmmu
288 imam

258 inc. 4884. 44
2848848
π48ωω8
282 440

288 428

244 424

248 428

288 F 20

207 F 28

288 448

208 448

270 444

274 428

272 028

278 44

274 4448488888
278 448

88 88478
8748478
278 4844488, 4884. 28
278 4844488. 488428
288 4844848. 4884. 28
284 484 cf. We
282 vestigia 4888848
288 4884. inc. utrunque
284 04

285 Gn

288 440

287 444

288 Ρ4

288 Ρ4

88 884

284 442

282 444

288 442

284 444

285 444477
88884

287 842

288 488. 4884. 27
288 4448188427
888 inc. 4884. 27
804 4884024
am 84488
88 88487
804 4442

88 88488
808 4442

88 88488
888 4442

808 4442

848 4442

844 Nu>

88 88488
848 (444

au 88484
848 CM

88 88488
847 Τ44

88 84.Ι

820 4448

824 444

822 ,444

828 488

824 448

828 4448448474
828 ’448
87884
8888488
828 Ρ28

880 828

884 4884884884-448
882 Ρ24

888 44488848
884 48
88888888
885 40884. 887) M 47
887 (Desj. 888) S 48
888 4448

888 44484)

840 4447

844 448

842 448

aa Aw÷me÷cmffl
844 04

848 44

848 482-4-024
847 488

848 484

848 48244

880 482

854 (Desj. 872) 08
852 485

858 4884484424
854 444

885 448

858 458

887 488

888 480

858 44

880 44

884 442

882 480

888 488

884 427

888 4484448844
880 488.

807 488

888 488

888 08⁶)

878 08

874 08 ·
872 (Desj. 884] 4 88
878 08

874 488

878 48488848
878 488. lect. 87
877 028

878 4884848838
878 444

44784888, 44888844. ,84788888 mamma.
84 88848 44. 8) 88. x111 8.

 

