110 3444333 3443443.

-.———-—-

eorp. Index corp. 44444344
6444474454 8454445 Ι6444444494 5434433434)
434 4443.4334444457 496 54494443344
435 4443. 433444 l 494 4444344.444444344.744
436 inc. 433444 498 43344443.
437 435 498 4434
433 443 344 44544433
439 449444433444444343345 494 543
444 [43 343 3334433444-443
444 449 493 454
444 444 494 473
443 (144 495 4443445
444 7344444344 445 444445
445 4445 ⁴ 497 4844344445
443 4434 343 4334444443
444 4443 344 4344533
448 939 449 448
449 4464443343 444 444
454 4444443 343 43443333)
454 5444 443 444
454 4449 444 88
453 4444434343 445 4446
454 Τ48 445 457
455 47 447 489
455 Τ48 448 489
457 CH 449 454
458 444433433444 444 53
459 4444444 444 436
444 44444) 333 444Ι
454 44 443 4444445544443.4
464 4444433454) 444 4454449
469 4554483 445 5444334443.
434 855 333 4434)
455 455 447 444
455 444 445 444
464 845 449 544
468 4444444 439 544
444 44444 334 444444
479 44 434 484
444 946 433 434
444 4444434343 434 44
443 44334443. 435 43344443.
444 445 445 4354443343
445 435 434 imag. 564
475 449 455 HS
477 438 438 443
443 444 344 44444443
449 464 444 449
489 4444454344 444 449
484 444 444 449
454 444 444 4444443445
483 459 445 44
484 459 446 548
485 445 447 sis
485 459 ’ 448 549
454 454 449 449
488 455 459 449
489 44 454 449
499 numu 454 4443. 433444
494 458 453 4443433444455
494 4444443343 454 44434334448444443348
493 843 455 4434433444

*mmm nmmum mmmm mmmm
mmmm mmmm mmmm mmmm

 

