XLIV PRAEFATIO.

444). inser. 444). inser. 444). inser. tab. inser.

4 944 44 81 692 44 494
5 942 49 82 742 45 454
6 944 43 304 79 46 464
7 944 44 304 74 47 474
8 474 45 304 774 48 484
9 48 46 304 842 49 494
40 472 47 304 772 xlm 974
44 4844444444 48 304 80 9 94
42 44343444 4444 44 444 4 4444
43 494 9 394 692 464444
44 494 392 X. 89 5 64444
43 492 ,334 864 6 64444
46 94 94444. 864 764444
4444 944 384 864 8 644424
944 3844 864 9 644442
944 382 864 40 644242
942 384 874 44 644224
94 39 95 49 644244
944 442 9 874 43 644224
94 4432 40 88 44 644444
94 404 44 88 45 644444
944 43 49 89 46 644244
944 49 43 844 47 644244
944 454 44 732 48 6444444
44 454 45 75 49 6444444
40 444 46 404 90 644444
’974 4432 47 96 94 644424
972 64 48 400 99 644444
974 69 49 694 Χ444.4 644244
98 662 90 90 9 644444
994 664 94 44 3 644444
644 634 99 6644 4 644424
644 632 93 8644 5 644424
644 67 94 94 6 644424Ι
644 634 XI. 4 44 7 644444
644 9 684 9 94 8 644444
644 40 684 4 9 644444
644 44 684 4 40 644444
644 49 684 4 44 644444
644 43 682 ,4 49 644444
644 44 59 4 43 644424
644 45 544 8 444 44 644444
644 46 544 9 84 45 644444
644 IX. 4 64 40 404 46 644442

9
3
4
5
6
7
8
9
. 4
9
3
4
5
6
7
8
9
40
44
49
43
44
45

§0

644 44 64 44 444
74 46 64 49 74
74 9 56 43 434

ΦςοωκῙΦΕΣΕ-Ρ-ςθ

13 644 444

.-

 

