4444444 44444444. 129

444 4444441 4144444

44 4. 444444144144111).11 4411111
44 casius

44 cassi

44 4114444114

444 444414

44 4. causatus 141444414

44 4. 4444441 41444414
44 44444 1 l. iii (retro 444.)
44 4. 4444144
444 41 u
44 cip
44 41
44 41414
444 4414114
44 44
44 44111141 411 (retro 444.)
44 4141444411 4111
44 coh? Ι 41111111
44 444141144441
44 4444411144141
44 444
44 44444411441144144114)
44 4414414144)
44 culum
44 cupra
44 cupra 41441414414444 4414444441
....4414144144...
14. 4. 44

111
DMEE ’
1)...Ιὸ11
ΒΗ181.
·1)·1·8·1·“·

4414144111 4444414144)
44141441 1 4444414144

14 ded
ἓ1ΔΕ-ΑΙ

ΔΛ“·” ΑΙ
4 edite
44 edite 1 miseri
4 414 (videtur 44441
44 ep
4 4444414144444144144
4 4144041444441
5 414
4 exam
4 4. x. v
4 4441144141 Ι labeo
v. 44114144) 4414414444)
1 4. 44141144) 4414414444
4 44414114414414414444
4 4.441)414144144414

vl

83* 44

64* 444. 444; 4. camur ¹12* 44444.

44* 444. 444. 444. 444. 4444. 4. 444

4544

444444·

44441444

444 444. 444. 444. 444 (4444), 444. 444.
444. 44444-44 44444

4444444444

444444

8444

4444444

84* 44

444 44

84444

45· 44

444444

4444444444

cs. num. 44

74* 444. 86* 111 4

64* 444; cs. marcius

6444444444

44444. 7444

444444

7444448444

4444

44* 44

64* 444. 44444444444141ς44444444..·74“444

4444

42*

40*

44·

41*

3444444444

644 444. 444. 4444. k

444444

4744

44* 444. 4444; 444 444

44* 444. 444. 444. 444. 444. 444 444

44* 444. 444. 444. 44* 4 (4)

444444-444

44444

44444

444 444444444. 4444. 44444. 44444. 4844

444444. 444. 444 44. 44444

861114. 041444

444444

434

444444

444 444-444. 74* 44

w 44. 444. 444. 444. 444. 444

444 44

444 44. 44. 44. 1444. 4444) 444. 444.
444. 44444444. 444444. 7444144444)

 

