GLANDES SPVRIAE.

corp. ludex
04* 727* 0 444

404Η

Η Rs

44444Η4

44 44444444

44 44444444)

45R5÷Fw

44 4444444

44 4444444

48 incertae lectionis 44

49 440

20 Ρ24

24 Ρ24

44 44441444. 44

Ι 44 4444444444444

44 4444444444

258w÷Ffflmmmmffis
excusum)

40 848

27 548

Η ΡΗ

44 4444444444

44 4444444

44 444-4-444

44 444

44 444

444Η

Η ΡΗ

40 444 .

474Η

48 ,444-4444

44 44-4-08

· 44 444444

44 444-444

44 444-08 (bis utrumque)
44 4444444

44 4444458

44 44444444

44 4444408

44 44444848

48 4444444

44 44

40 ΤΗ

44 Μ45-4-4444444.44

44 844

44 ΒΗ

44 444444

54 448-4444

44 448444444444444444444444)
44 4444444444

58 4444

44 4444444

44 444444

44 4444444

42 4444444(44444444444.44)
44 454-4-4444444.44

44 4444444444

45 ὒ44-4-4444444.44

44 vestino.

44 4444444444.44

48 444

44 4444444

44464044* 44 444 4444

Index

44 458

44 454

44 444

44 448

44 vestine.
44 44444
44 444-408
’44 0844444444
’44 08

44 08-4-44
44 8444448
84 08484444)
88 8444440
44 8444444444
84 8444448
44 48

84 4744444444
48 44

84 F⁶÷imag.⁴
44 483)

44 484444
44 444-444
44 Ls

44 444-44444444
45 48-4-(444

” 44 L8÷M24

44 48

48 L8†imug.⁴
44 4844444444
444 44444444
444 4444

444 444-404
444 444404 ,
444 444

444 444-44444444),
444 4445444
444 Μ44-4-4444444.44
448 Μ44-4-444444.44
444 44

444 444844
444 444

444 444-44444444
444 4444444
444 444

445 444

444 444

“ 444 44

444 444

444 444

444 444

424 444

422 444

444 inc. vest.

444 844

444 444

444 444

444 4444444444
448 444(4)44444444.4
449 4444

444 64

444 844

. 4) mxu 4, 4) 44444444.

4) 444. 4444 4.

4) 444. x11 4, - 4) mxu 4.

 

