112

corp
64* 727*

3 333333 33.
a) 33. x111 3.
a) 3333 3.

(73337738 SPVRlAE.

ludex

380 Ε(

333 333-3333
333 333)

383 D6

333 9333333333)
385 357

333 5333)

387 8333333333.
388 833 ’
389 833

390 833

393 77333

333 3333

303 7333

393 7533ψί33333
395 73133

390 3333

397 359

308 Τ35

399 Tu

300 338

303 338

303 338

303 338

303 338-3-(783
305 3333ψί33333
306 333

307 333

308 333-57333333
300 333

330 330

333 380

333 380

333 380

333 3803733333
333 3333938
333 8333)-3-85
337 33·

338 333-388
333Ι 335333·
333 3333833333
333 83-3-3333383-333
333 3735-3-353
393 33333353-333333
393 38-3-Ν3
335 L8÷N⁴
333 333-733
333 83333733
333 33333733
333 7333333
330 78-3-353
33( 03

333 033333
333 353

333 733-1-353
335 353

333 3333333
337 8803733339
338 88333333
339 357

333 337

8) 737). 73777 33.

3 33. x111 33.

corp.

3) 333. x111 3.
33 7333333.

Index

64* 7377 333 num. 33 (3)

333 num. 333-333333
333 308

333 350

33333 733-3-337
3335 353-833
3333 87

33337 83

3333 307

3337 333

3339 350

33373 350

3337 350

33373 333 -7- imag. 3
3333 inc. lect. 33 -Ι- imag. 3
33333833

3333 837

3333 855

3333 Cu

3339 338

3333· 333

3333 835

3333 7335

33333 337

3333 3589)

335 353-833
3353 773ψί33339
3355 8353333333
3353 inc. 7337. 33 -3- 7333333
33537 7339ψί33333
3353 3503733338
3357 7753733333
3359 833 3733333
33573 8337333333
3353· 7733333333
33573 Da

3353 (7339)

33533 730 ÷ 733333
3353 333 3733333
3353 333 3733333
3353 3583733333
3353 Mu

3353 inc. 7333. 3333333333
3353 38

330 (130

33333 (139

337 839

3373 839

338 773-7-(739
339 773

350 335

353 733

3533 7(3 -Ι- imag. 3
353 333 -3-838
3533 838

353 89

353 89

, 35333 89

355 inc. 7333. 33
353 (133
357 03-3-839

3) 333. 333 33.
3) mmm 33.

 

