GLANDES SPVRIAE.

corp. Index corp. Index
&Unum Aw÷cwffl

64* 444* 458 444. 4444. 40 4 4 44

4444444444 4444444

440 444. 4444. 46
464 44444

444 44444444
444 4444448
4444 444-4444444
4644 4844444448
464 848

4644 8484444444
444 446-4444444444
445 4444444444.
464 En

444 440

444 448

444 Ga
4444444
474 444444444
444 444. 44444
444 · 444. 4444. 44
445 44

445 84

444 1444

444 444

444 (45

480 044

484 044

484 4504444444
484 444

484 644

4844 (140

485 44444444
4854 444. lect. 6 4 imag. 4
484 44

4444 444-444448
484 448

488 444

484 444

440 G!

444 1²26

444 44844]

444 444

444 4444444444
4444444

445 (123

446 444
44444

4474 Vn

4444 444

448 444

4484 4444444444
444 448

540 448

404 844

504 444

4044 8444444444
404 4444

404 44

404 444044)

446 Ρ44
44444444
408 844

504 848

4) Tab.x111 44.
vl

4) 444. Xlll 4.

544 445

544 144

544 440

545 449

444 444

444 Τ44

448 Tu

540 4444444444
540 445

5404 4444444444
444 4440
44444444
444 86

4444 8444444446
444 (244

4444 (144

545 844

446 44844444
444 448-4444444440
448 1²⁴0

4484 4404444448
544 444

544 444

444 1444

544 444

544 444

544 44

544 F 44

544 Ρ48

544 Ρ48

548 444

m η444
40444Μ4
544 sm
44444Η
4444444
44444Μ4
445 4444434448
444 46

544 As

548 444

544 1³³⁴

550 855

554 844

554 445

544 444

554 444

544 44

554 Fa

454 44

558 Fa

454 4444

550 Η

464 vestine.
544 444

444 44444444
544 44444444
545 44444444
564 ΜΗ

464 Ν4

448 1444444448

4) Tub. Xll 40.
8

 

