444

corp. 40000

0447974553 44844)

5590 400003

570 890

5700 890

574 4494

579 4494

573 4494

574 4490

575 4495

570 584

577 037

578 Ρο

579 899

500 5704)

584 577

589 574

583 5704)

5830 5744400003

584 44433

005 000040

586 4496

587 4443

588 83

589 89-4-443

530 88

594 83

539 849

593 053

594 047

595 547

530 05

597 039

598 09

599 4004005974)

500 830

0041593

009 545

003 545

004 inc. 4004. 94

005 530

000 70

5000 ’45

007 598-1-039

508 5344-044

509 540

040 558

544 570

049 507

043 550-1-(139

044 09

545 444

040 845

047 Mn

048 440

049 4493

090 04-4-597

(450444)Εὸ 81>vass

corp.
64*727*

Index

694 443

099 4404400003
6990 448

090 0444)

594 040

095 09

596 844

697 400. 400544)
598 447

690 4494

000 40040053
034 400. 40058
099 804

000 833

034 imag, 40

005 400. 40008
030 IIII-{mam
0300 8494440003
597 445

038 048-4-400. 4004. 93
539 040-0400400493·
640 054
5400054

044 090

040 0004040
049 090

044 0480400008
0440048

0445 043

045 400008

540 548

547 4439

040 430040
040 000040
030 040000
554 ΤΗ-400003
05401Τ8

000 0000040
0590 050

6595 040

053 843-4-400. 4004. 34
054 093

655 090

055 094

057 097

658 09

059 580

060 4449

554 4445

009 895-4-85
5090 85

050 4495

064 EI

005 44304400οΒ3
0050 4430

4400004004. -Edidit (exceptis 4440 ceterisque usquead 0050 quae 4444000 adiecta, ex.
gr. 0, signatae 0004) Desjurdins 00040000400000 fasciculo 9 (Iun. 4074) glandes 4-444;
raso, ³(Apr. 4000) n. 040-000 raso. 4 (sept. 4000) n. Iza-zw 000. 5004. 4000)
n. 445-505 imaginibus expressas 04 ornatas amplo commentario. -Vbi 000400-

4) 00. x111 0.
0) rab. x111 0.

0) 000. 0ιο 0.

0) rab. xm 0.

4) Tab. XIII 4.

 

